100
3.9
2.4
4.1
4.5
2.8
1.6
2.1
3.2
3.5
3.5
3.2
4.2
3.2
4.2
3.3
3.2
1.9
2.6
2.2
3.8
3.2
3.2
1.9
4.2
1.5
1.9
2.6
2.9
4.1
2.7
1.8
3.1
2.8
2.1
2.5
4.3
3.3
3.1
3.2
2.8
3.0
1.8
2.1
3.5
1.5
2.6
3.6
3.2
3.2
2.6
2.8
4.1
3.0
1.8
2.4
2.8
3.0
4.2
2.6
2.7
3.4
2.5
3.2
3.4
1.8
2.9
4.5
2.6
3.0
1.9
3.0
3.0
3.9
3.8
4.4
2.7
2.3
3.3
2.3
2.4
1.6
3.4
1.8
1.5
3.1
3.7
2.9
3.2
2.0
2.7
2.4
2.0
3.4
2.1
3.0
3.2
1.4
2.8
2.9
2.8
1.6
3.6
3.7
2.8
3.3
1.6
2.7
1.6
1.4
2.9
2.3
2.9
1.9
3.5
2.5
2.8
1.6
3.0
3.8
1.9
2.9
2.3
3.5
2.1
1.6
2.6
3.2
1.7
3.0
2.8
2.0
1.9
2.8
1.5
2.6
3.4
2.9
2.7
1.6
3.3
3.2
3.0
2.1
2.7
1.5
2.9
2.57
3.3
3.0
2.8
1.83
3.1
3.1
2.5
3.1
2.9
1.6
1.7
4.1
2.4
3.1
1.8
2.5
2.37
2.7
3.2
3.6
2.1
1.9
2.8
2.8
2.0
2.4
1.9
3.5
3.9
1.6
2.7
1.7
4.0
3.2
2.6
1.8
1.7
4.0
1.8
1.4
3.3
1.8
1.9
2.6
2.4
2.1
4.1
4.2
4.0
3.6
3.4
4.4
3.6
3.0
1.3
2.3
2.2
1.5
1.4
2.5
2.7
3.7
1.4
3.0
2.6
2.4000000000000004
2.2
1.9
2.7
3.8
2.65
2.5
1.8
1.67
1.7
2.9
2.07
2.2
3.0
2.26
3.2
2.3
2.9
1.9
1.96
1.5
1.9
2.1
1.5
1.74
2.5
2.4
2.6
2.7
2.2
1.9
2.9
3.0
1.9
1.9
1.0
1.9
1.5
2.6
1.8
2.5
2.5
1.9
1.8
1.8
3.2
1.5
3.3
2.6
2.05
1.5
3.4
2.5
1.9
2.2
1.4
3.0
1.5
3.3
2.1
3.1
1.7
2.4
3.0
2.0
1.7
4.5
2.1
2.4
1.4
3.0
3.4
3.0
2.9
2.0
2.8
1.6
2.1
1.6
1.4
1.8
2.0
1.6
1.8
1.7
2.6
3.5
3.1
1.7
3.2
2.1
1.7
1.8
2.6
1.5
1.7
4.0
1.7
3.1
3.0
2.3
1.9
1.8
2.0
2.6
2.9
2.6
2.0
2.9
2.1
3.0
3.0
1.6
2.9
2.4
1.9
3.1
1.5
2.0
2.1
4.4
2.9
3.0
3.1
3.4
1.9
2.8
2.9
2.0
2.0
3.0
2.3
3.3
3.1
3.0
1.5
3.0
4.1
3.4
4.2
3.0
2.1
1.8
1.7
2.8
1.4
1.8
3.1
1.6
1.8
4.6
3.1
2.3
1.5
2.19
2.3
3.46
3.1
1.6
4.1
3.0
2.0
1.8
3.1
1.5
3.6
3.1
2.0
1.8
1.7
1.7
3.2
3.2
2.8
2.4
1.4
1.795
2.19
1.79
3.5
1.92
1.6
2.9
3.0
1.5
1.6
3.6
1.6
1.5
1.5
3.2
3.4
2.1
2.5
2.9
2.7
3.2
1.8
2.4
2.6
2.03
3.8
2.1
2.5
3.4
3.4
3.0
3.0
1.9
3.4
1.8
3.0
3.2
4.1
3.2
2.0
3.0
1.4
2.0
3.3
1.6
2.0
2.9
2.8
3.0
3.5
1.95
1.7
2.9
2.4
2.6
1.5
3.9
2.5
3.8
2.1
1.9
1.7
3.1
3.5
2.7
1.6
1.7
1.7
1.8
1.4
2.1
2.1
2.9
2.1
1.9
1.9
2.5
3.2
1.6
3.0
1.9
3.2
3.1
1.4
3.1
1.6
3.5
1.94
1.7
1.8
3.2
2.7
2.6
2.9
1.7
3.8
2.8
3.3
1.5
2.7
3.6
3.4
1.6
2.4
2.7
3.4
2.8
2.8
2.0
1.7
1.9
2.3
1.9
2.8
2.39
2.0
1.9
2.0
1.7
3.3
2.08
2.3
3.8
1.9
2.7
2.0
2.1
2.11
2.41
2.4
2.1
1.4
1.4
4.0
5.36
2.6
4.3
3.1
2.0
3.01
1.4
3.0
3.6
3.1
1.7
3.1
1.7
2.4
1.7
3.6
2.7
1.5
2.1
1.6
1.7
3.1
2.1
1.6
1.7
3.2
1.2
3.9
1.4
2.1
2.9
1.5
3.4
1.7
1.6
2.8
3.2
2.1
1.8
1.7
2.2
2.9
2.8
1.73
1.98
3.3
1.3
3.5
3.9
2.6
2.0
3.6
2.6
2.6
3.0
2.8
2.5
2.0
4.4
1.62
1.3
2.0
1.9
3.5
2.0
3.1
3.7
1.5
4.1
2.7
2.6
1.7
1.8
3.8
1.2
1.1
2.1
3.8
2.3
2.1
1.6
2.4
1.3
2.0
2.0
1.7
4.4
2.4
2.5
2.8
3.0
2.9
1.6
4.2
3.2
2.7
2.8
2.9
3.5
3.5
3.2
3.7
3.2
3.2
1.8
3.2
1.6
3.6
2.2
5.3
1.3
2.8
1.5
3.0
1.85
1.6
1.4
1.2
2.8
2.5
1.6
1.68
2.9
2.35
1.8
2.8
1.7
1.8
2.0
3.1
2.8
2.5
2.6
2.6
1.83
1.6
1.63
1.2
3.7
1.71
2.7
1.5
3.5
3.0
3.2
2.52
3.21
3.9
1.9
2.4
2.5
2.1
2.6
2.39
3.0
1.8
2.0
2.9
2.8
2.7
2.6
2.5
2.8
3.1
1.4
1.68
4.4
2.3
1.9
3.0
1.66
1.6
2.1
1.3
2.5
3.5
2.1
3.8
3.6
2.9
2.2
2.0
1.8
2.1
2.2
1.8
2.8
3.7
1.8
1.8
1.7
2.6
1.8
2.8
3.9
2.7
3.4
2.4
3.0
2.6
3.0
2.95
2.9
2.1
1.3
5.3
3.4
3.16
2.6
2.6
2.6
3.1
4.2
3.9
3.6
2.8
2.0
1.8
3.3
3.4
2.9
1.6
3.0
3.4
3.2
3.05
2.9
1.6
1.9
2.2
3.0
1.8
3.0
1.9
2.9
3.5
3.3
2.9
2.0
1.66
2.8
2.3
1.6
2.45
3.3
1.8
3.3
5.0
3.75
2.5
2.2
2.7
2.5
1.69
1.9
1.58
1.5
2.9
1.1
1.58
2.4
3.6
1.7
1.92
3.0
3.5
2.8
1.5
3.0
2.0
1.5
1.75
2.0
1.9
4.1
4.2
3.5
3.8
1.4
1.41
2.7
1.4
3.4
2.0
2.42
2.9
2.7
2.5
1.8
2.8
1.9
3.3
1.5
3.7
1.8
2.4
1.9
3.1
3.2
3.0
2.7
1.9
1.79
3.3
1.8
1.0
1.6
3.8
2.5
2.0
2.8
1.2
2.5
1.7
1.5
1.3
3.6
3.1
3.0
1.6
1.4
2.5
2.4
2.7
2.5
2.8
2.8
3.1
2.0
2.15
4.3
1.1
3.4
4.0
2.0
3.2
3.4
1.59
1.7
1.4
3.8
1.1
2.2
1.91
1.9
3.1
4.6
3.4
3.3
3.7
2.06
2.9
2.5
1.2
2.8
3.3
1.8
2.3
1.7
2.7
2.9
2.5
2.6
1.7
3.1
2.7
1.6
2.52
3.3
2.5
1.7
2.9
1.5
1.63
2.0
3.5
1.9
2.5
1.7
2.11
2.14
1.8
4.2
4.1
2.7
1.81
2.5
3.0
2.1
1.46
2.5
1.6
2.9
3.0
2.9
1.9
2.6
2.6
1.4
1.7
1.4
3.6
2.7
3.1
2.6
2.8
1.5
2.7
2.7
2.9
2.5
2.1
2.16
2.1
1.4
1.5
2.5
3.3
1.5
3.1
4.1
4.3
1.44
1.49
1.49
1.49
1.54
3.6
3.8
4.0
1.42
1.58
1.58
1.74
1.45
1.38
1.48
1.375
1.375
1.375
1.27
1.36
3.8
1.57
2.05
3.4
2.2
